function [dX] =HKC_k1_1_k2_1_4(X,Pr,Ra,Ro)

dX = [ -Pr*(2)*X(1)+Pr*Ra*(-0.70711)*X(32)+Pr*Ro*(0.70711)*X(2)-(0.019048)*X(3)*X(6)-(-0.019689)*X(3)*X(18)-(-0.020078)*X(3)*X(25)-(-0.060235)*X(3)*X(27)-(-0.019048)*X(6)*X(3)-(0.019689)*X(6)*X(20)-(-0.028395)*X(11)*X(8)-(0.028395)*X(11)*X(13)-(-0.010678)*X(15)*X(18)-(-0.032667)*X(15)*X(27)-(-0.054445)*X(15)*X(29)-(-0.011813)*X(18)*X(3)-(-0.032033)*X(18)*X(15)-(0.01221)*X(18)*X(20)-(0.011813)*X(20)*X(6)-(-0.01221)*X(20)*X(18)-(0.032033)*X(20)*X(22)-(0.010678)*X(22)*X(20)-(-0.060235)*X(25)*X(3)-(-0.020078)*X(27)*X(3)-(-0.054445)*X(27)*X(15)-(-0.032667)*X(29)*X(15);
-Pr*(2)*X(2)+Pr*Ro*(-0.70711)*X(1)-(0.060235)*X(3)*X(7)-(0.020078)*X(3)*X(19)-(0.028395)*X(3)*X(24)-(0.085186)*X(3)*X(26)-(0.060235)*X(6)*X(4)-(-0.020078)*X(6)*X(21)-(-0.05679)*X(8)*X(12)-(-0.063494)*X(11)*X(9)-(-0.063494)*X(11)*X(14)-(-0.05679)*X(13)*X(12)-(0.054445)*X(15)*X(19)-(0.046198)*X(15)*X(26)-(0.076997)*X(15)*X(28)-(0.012452)*X(18)*X(4)-(0.062261)*X(18)*X(16)-(0.062261)*X(18)*X(21)-(-0.012452)*X(20)*X(7)-(0.062261)*X(20)*X(19)-(0.062261)*X(20)*X(23)-(0.054445)*X(22)*X(21)-(0.063494)*X(25)*X(4)-(0.063494)*X(27)*X(4)-(0.063494)*X(27)*X(16)-(0.063494)*X(29)*X(16);
-Pr*(5)*X(3)+Pr*Ra*(-0.44721)*X(33)+Pr*Ro*(-0.89443)*X(4)-(-0.076192)*X(1)*X(6)-(0.031502)*X(1)*X(18)-(-0.040157)*X(1)*X(25)-(0.12047)*X(1)*X(27)-(0.019048)*X(6)*X(1)-(-0.070988)*X(6)*X(8)-(0.070988)*X(6)*X(13)-(0.017959)*X(8)*X(25)-(0.089794)*X(8)*X(29)-(0.072312)*X(11)*X(15)-(0.049308)*X(13)*X(18)-(-0.064678)*X(13)*X(22)-(0.020661)*X(15)*X(11)-(0.011813)*X(18)*X(1)-(-0.012327)*X(18)*X(13)-(-0.01078)*X(22)*X(13)-(0.060235)*X(25)*X(1)-(0.062855)*X(25)*X(8)-(0.020078)*X(27)*X(1)-(0.044897)*X(29)*X(8);
-Pr*(5)*X(4)+Pr*Ro*(0.89443)*X(3)-(-0.09524)*X(1)*X(7)-(0.031747)*X(1)*X(19)-(-0.044897)*X(1)*X(24)-(0.13469)*X(1)*X(26)-(-0.060235)*X(6)*X(2)-(0.10039)*X(6)*X(9)-(-0.10039)*X(6)*X(14)-(-0.070988)*X(8)*X(7)-(0.020078)*X(8)*X(24)-(0.10039)*X(8)*X(28)-(0.09524)*X(11)*X(16)-(-0.070988)*X(13)*X(7)-(0.099383)*X(13)*X(19)-(-0.099383)*X(13)*X(23)-(-0.065334)*X(15)*X(12)-(-0.012452)*X(18)*X(2)-(-0.087165)*X(18)*X(14)-(-0.076223)*X(22)*X(14)-(-0.063494)*X(25)*X(2)-(-0.063494)*X(25)*X(9)-(-0.063494)*X(27)*X(2)-(-0.063494)*X(29)*X(9);
-Pr*(1)*X(5);
-Pr*(5)*X(6)+Pr*Ra*(-0.89443)*X(34)+Pr*Ro*(-0.44721)*X(7)-(0.076192)*X(1)*X(3)-(-0.031502)*X(1)*X(20)-(-0.019048)*X(3)*X(1)-(0.070988)*X(3)*X(8)-(-0.070988)*X(3)*X(13)-(0.064678)*X(8)*X(15)-(0.049308)*X(8)*X(20)-(0.072312)*X(11)*X(22)-(0.020078)*X(11)*X(25)-(0.060235)*X(11)*X(27)-(0.01078)*X(15)*X(8)-(-0.011813)*X(20)*X(1)-(-0.012327)*X(20)*X(8)-(0.020661)*X(22)*X(11)-(0.12047)*X(25)*X(11)-(-0.040157)*X(27)*X(11);
-Pr*(5)*X(7)+Pr*Ro*(0.44721)*X(6)-(0.09524)*X(1)*X(4)-(-0.031747)*X(1)*X(21)-(-0.060235)*X(3)*X(2)-(-0.10039)*X(3)*X(9)-(-0.10039)*X(3)*X(14)-(0.070988)*X(8)*X(4)-(0.099383)*X(8)*X(16)-(-0.099383)*X(8)*X(21)-(-0.09524)*X(11)*X(23)-(0.044897)*X(11)*X(24)-(0.13469)*X(11)*X(26)-(0.070988)*X(13)*X(4)-(-0.076223)*X(15)*X(9)-(0.012452)*X(20)*X(2)-(0.087165)*X(20)*X(9)-(0.065334)*X(22)*X(12)-(-0.12699)*X(25)*X(12)-(-0.12699)*X(27)*X(12);
-Pr*(10)*X(8)+Pr*Ra*(-0.31623)*X(35)+Pr*Ro*(0.94868)*X(9)-(-0.11358)*X(1)*X(11)-(-0.070988)*X(3)*X(6)-(0.026938)*X(3)*X(25)-(-0.13469)*X(3)*X(29)-(0.070988)*X(6)*X(3)-(-0.11858)*X(6)*X(15)-(-0.11094)*X(6)*X(20)-(0.028395)*X(11)*X(1)-(-0.076192)*X(11)*X(13)-(0.050795)*X(13)*X(11)-(-0.01078)*X(15)*X(6)-(-0.014609)*X(15)*X(25)-(-0.10226)*X(15)*X(31)-(0.012327)*X(20)*X(6)-(-0.073538)*X(20)*X(22)-(0.031516)*X(22)*X(20)-(-0.062855)*X(25)*X(3)-(-0.063307)*X(25)*X(15)-(-0.044897)*X(29)*X(3)-(-0.053567)*X(31)*X(15);
-Pr*(10)*X(9)+Pr*Ro*(-0.94868)*X(8)-(-0.12699)*X(1)*X(12)-(0.10039)*X(3)*X(7)-(-0.028395)*X(3)*X(24)-(0.14198)*X(3)*X(28)-(-0.10039)*X(6)*X(4)-(0.14055)*X(6)*X(16)-(0.14055)*X(6)*X(21)-(0.063494)*X(11)*X(2)-(-0.12699)*X(11)*X(14)-(0.11358)*X(13)*X(12)-(0.076223)*X(15)*X(7)-(0.015399)*X(15)*X(24)-(0.1078)*X(15)*X(30)-(-0.087165)*X(20)*X(7)-(0.13697)*X(20)*X(23)-(-0.11978)*X(22)*X(21)-(0.063494)*X(25)*X(4)-(0.063494)*X(25)*X(16)-(0.063494)*X(29)*X(4)-(0.063494)*X(31)*X(16);
-Pr*(4)*X(10);
-Pr*(8)*X(11)+Pr*Ra*(-0.70711)*X(36)+Pr*Ro*(0.70711)*X(12)-(0.11358)*X(1)*X(8)-(-0.11358)*X(1)*X(13)-(-0.1033)*X(3)*X(15)-(-0.1033)*X(6)*X(22)-(0.040157)*X(6)*X(25)-(-0.12047)*X(6)*X(27)-(0.050795)*X(8)*X(13)-(-0.050795)*X(13)*X(8)-(-0.020661)*X(15)*X(3)-(0.021355)*X(15)*X(20)-(0.064066)*X(18)*X(22)-(-0.024904)*X(18)*X(25)-(-0.12452)*X(18)*X(29)-(-0.064066)*X(20)*X(15)-(-0.020661)*X(22)*X(6)-(-0.021355)*X(22)*X(18)-(-0.12047)*X(25)*X(6)-(-0.12452)*X(25)*X(18)-(0.040157)*X(27)*X(6)-(-0.024904)*X(29)*X(18);
-Pr*(8)*X(12)+Pr*Ro*(-0.70711)*X(11)-(0.12699)*X(1)*X(9)-(-0.12699)*X(1)*X(14)-(0.12047)*X(3)*X(16)-(0.12047)*X(6)*X(23)-(-0.05679)*X(6)*X(24)-(0.17037)*X(6)*X(26)-(0.05679)*X(8)*X(2)-(-0.11358)*X(8)*X(14)-(0.05679)*X(13)*X(2)-(-0.11358)*X(13)*X(9)-(0.065334)*X(15)*X(4)-(0.10889)*X(15)*X(21)-(0.12452)*X(18)*X(23)-(0.03522)*X(18)*X(24)-(0.1761)*X(18)*X(28)-(0.12452)*X(20)*X(16)-(-0.065334)*X(22)*X(7)-(0.10889)*X(22)*X(19)-(0.12699)*X(25)*X(7)-(0.12699)*X(25)*X(19)-(0.12699)*X(27)*X(7)-(0.12699)*X(29)*X(19);
-Pr*(10)*X(13)+Pr*Ra*(-0.94868)*X(37)+Pr*Ro*(0.31623)*X(14)-(0.11358)*X(1)*X(11)-(0.070988)*X(3)*X(6)-(-0.11094)*X(3)*X(18)-(0.11858)*X(3)*X(22)-(-0.070988)*X(6)*X(3)-(-0.050795)*X(8)*X(11)-(-0.028395)*X(11)*X(1)-(0.076192)*X(11)*X(8)-(0.031516)*X(15)*X(18)-(0.012327)*X(18)*X(3)-(-0.073538)*X(18)*X(15)-(-0.016706)*X(20)*X(25)-(-0.050119)*X(20)*X(27)-(0.01078)*X(22)*X(3)-(-0.18377)*X(25)*X(20)-(0.11694)*X(27)*X(20);
-Pr*(10)*X(14)+Pr*Ro*(-0.31623)*X(13)-(0.12699)*X(1)*X(12)-(0.10039)*X(3)*X(7)-(0.14055)*X(3)*X(19)-(0.14055)*X(3)*X(23)-(0.10039)*X(6)*X(4)-(0.11358)*X(8)*X(12)-(0.063494)*X(11)*X(2)-(0.12699)*X(11)*X(9)-(0.11978)*X(15)*X(19)-(0.087165)*X(18)*X(4)-(0.13697)*X(18)*X(16)-(0.05283)*X(20)*X(24)-(0.15849)*X(20)*X(26)-(0.076223)*X(22)*X(4)-(0.19048)*X(25)*X(21)-(0.19048)*X(27)*X(21);
-Pr*(17)*X(15)+Pr*Ra*(-0.24254)*X(38)+Pr*Ro*(-0.97014)*X(16)-(-0.14949)*X(1)*X(18)-(-0.13067)*X(1)*X(27)-(0.21778)*X(1)*X(29)-(0.1033)*X(3)*X(11)-(0.11858)*X(6)*X(8)-(-0.064678)*X(8)*X(6)-(-0.019479)*X(8)*X(25)-(0.13635)*X(8)*X(31)-(-0.072312)*X(11)*X(3)-(-0.11745)*X(11)*X(20)-(-0.10505)*X(13)*X(18)-(0.032033)*X(18)*X(1)-(0.073538)*X(18)*X(13)-(0.064066)*X(20)*X(11)-(0.063307)*X(25)*X(8)-(0.054445)*X(27)*X(1)-(0.032667)*X(29)*X(1)-(0.053567)*X(31)*X(8);
-Pr*(17)*X(16)+Pr*Ro*(0.97014)*X(15)-(-0.15873)*X(1)*X(19)-(-0.13469)*X(1)*X(26)-(0.22448)*X(1)*X(28)-(-0.12047)*X(3)*X(12)-(-0.14055)*X(6)*X(9)-(-0.099383)*X(8)*X(7)-(-0.020078)*X(8)*X(24)-(0.14055)*X(8)*X(30)-(-0.09524)*X(11)*X(4)-(-0.15873)*X(11)*X(21)-(-0.15617)*X(13)*X(19)-(-0.062261)*X(18)*X(2)-(-0.13697)*X(18)*X(14)-(-0.12452)*X(20)*X(12)-(-0.063494)*X(25)*X(9)-(-0.063494)*X(27)*X(2)-(-0.063494)*X(29)*X(2)-(-0.063494)*X(31)*X(9);
-Pr*(9)*X(17);
-Pr*(13)*X(18)+Pr*Ra*(-0.5547)*X(39)+Pr*Ro*(-0.83205)*X(19)-(-0.031502)*X(1)*X(3)-(0.14949)*X(1)*X(15)-(-0.14652)*X(1)*X(20)-(0.019689)*X(3)*X(1)-(0.11094)*X(3)*X(13)-(-0.11745)*X(11)*X(22)-(-0.037356)*X(11)*X(25)-(0.18678)*X(11)*X(29)-(-0.049308)*X(13)*X(3)-(0.10505)*X(13)*X(15)-(0.010678)*X(15)*X(1)-(-0.031516)*X(15)*X(13)-(0.01221)*X(20)*X(1)-(0.021355)*X(22)*X(11)-(0.12452)*X(25)*X(11)-(0.024904)*X(29)*X(11);
-Pr*(13)*X(19)+Pr*Ro*(0.83205)*X(18)-(-0.031747)*X(1)*X(4)-(0.15873)*X(1)*X(16)-(-0.15873)*X(1)*X(21)-(-0.020078)*X(3)*X(2)-(-0.14055)*X(3)*X(14)-(-0.15873)*X(11)*X(23)-(-0.044897)*X(11)*X(24)-(0.22448)*X(11)*X(28)-(-0.099383)*X(13)*X(4)-(0.15617)*X(13)*X(16)-(-0.054445)*X(15)*X(2)-(-0.11978)*X(15)*X(14)-(-0.062261)*X(20)*X(2)-(-0.10889)*X(22)*X(12)-(-0.12699)*X(25)*X(12)-(-0.12699)*X(29)*X(12);
