function [dX] =HKC_k1_1_k2_1_6(X,Pr,Ra,Ro)

dX = [ -Pr*(2)*X(1)+Pr*Ra*(-0.70711)*X(60)+Pr*Ro*(0.70711)*X(2)-(0.019048)*X(3)*X(6)-(-0.019689)*X(3)*X(18)-(-0.020078)*X(3)*X(49)-(-0.060235)*X(3)*X(51)-(-0.019048)*X(6)*X(3)-(0.019689)*X(6)*X(20)-(-0.026938)*X(8)*X(27)-(-0.028395)*X(11)*X(8)-(0.028395)*X(11)*X(13)-(0.026938)*X(13)*X(31)-(-0.010678)*X(15)*X(18)-(-0.030026)*X(15)*X(38)-(-0.032667)*X(15)*X(51)-(-0.054445)*X(15)*X(53)-(-0.011813)*X(18)*X(3)-(-0.032033)*X(18)*X(15)-(0.01221)*X(18)*X(20)-(-0.012327)*X(18)*X(40)-(0.011813)*X(20)*X(6)-(-0.01221)*X(20)*X(18)-(0.032033)*X(20)*X(22)-(0.012327)*X(20)*X(42)-(0.010678)*X(22)*X(20)-(0.030026)*X(22)*X(44)-(-0.016706)*X(24)*X(27)-(-0.017959)*X(27)*X(8)-(-0.033413)*X(27)*X(24)-(-0.020078)*X(29)*X(27)-(0.020078)*X(29)*X(31)-(0.017959)*X(31)*X(13)-(0.033413)*X(31)*X(33)-(0.016706)*X(33)*X(31)-(-0.020353)*X(35)*X(38)-(-0.036905)*X(35)*X(53)-(-0.051667)*X(35)*X(55)-(-0.021447)*X(38)*X(15)-(-0.033921)*X(38)*X(35)-(-0.0082533)*X(38)*X(40)-(-0.008805)*X(40)*X(18)-(-0.02476)*X(40)*X(38)-(0.0088891)*X(40)*X(42)-(0.008805)*X(42)*X(20)-(-0.0088891)*X(42)*X(40)-(0.02476)*X(42)*X(44)-(0.021447)*X(44)*X(22)-(0.0082533)*X(44)*X(42)-(0.033921)*X(44)*X(46)-(0.020353)*X(46)*X(44)-(-0.060235)*X(49)*X(3)-(-0.020078)*X(51)*X(3)-(-0.054445)*X(51)*X(15)-(-0.032667)*X(53)*X(15)-(-0.051667)*X(53)*X(35)-(-0.036905)*X(55)*X(35);
-Pr*(2)*X(2)+Pr*Ro*(-0.70711)*X(1)-(0.060235)*X(3)*X(7)-(0.020078)*X(3)*X(19)-(0.028395)*X(3)*X(48)-(0.085186)*X(3)*X(50)-(0.060235)*X(6)*X(4)-(-0.020078)*X(6)*X(21)-(-0.05679)*X(8)*X(12)-(-0.028395)*X(8)*X(28)-(-0.063494)*X(11)*X(9)-(-0.063494)*X(11)*X(14)-(-0.05679)*X(13)*X(12)-(0.028395)*X(13)*X(32)-(0.054445)*X(15)*X(19)-(0.032667)*X(15)*X(39)-(0.046198)*X(15)*X(50)-(0.076997)*X(15)*X(52)-(0.012452)*X(18)*X(4)-(0.062261)*X(18)*X(16)-(0.062261)*X(18)*X(21)-(0.012452)*X(18)*X(41)-(-0.012452)*X(20)*X(7)-(0.062261)*X(20)*X(19)-(0.062261)*X(20)*X(23)-(-0.012452)*X(20)*X(43)-(0.054445)*X(22)*X(21)-(-0.032667)*X(22)*X(45)-(-0.05283)*X(24)*X(28)-(-0.020078)*X(27)*X(9)-(-0.060235)*X(27)*X(25)-(-0.060235)*X(27)*X(30)-(-0.063494)*X(29)*X(28)-(-0.063494)*X(29)*X(32)-(0.020078)*X(31)*X(14)-(-0.060235)*X(31)*X(30)-(-0.060235)*X(31)*X(34)-(-0.05283)*X(33)*X(32)-(0.051667)*X(35)*X(39)-(0.052191)*X(35)*X(52)-(0.073068)*X(35)*X(54)-(0.025011)*X(38)*X(16)-(0.05836)*X(38)*X(36)-(0.05836)*X(38)*X(41)-(0.0089794)*X(40)*X(19)-(0.062855)*X(40)*X(39)-(0.062855)*X(40)*X(43)-(-0.0089794)*X(42)*X(21)-(0.062855)*X(42)*X(41)-(0.062855)*X(42)*X(45)-(-0.025011)*X(44)*X(23)-(0.05836)*X(44)*X(43)-(0.05836)*X(44)*X(47)-(0.051667)*X(46)*X(45)-(0.063494)*X(49)*X(4)-(0.063494)*X(51)*X(4)-(0.063494)*X(51)*X(16)-(0.063494)*X(53)*X(16)-(0.063494)*X(53)*X(36)-(0.063494)*X(55)*X(36);
-Pr*(5)*X(3)+Pr*Ra*(-0.44721)*X(61)+Pr*Ro*(-0.89443)*X(4)-(-0.076192)*X(1)*X(6)-(0.031502)*X(1)*X(18)-(-0.040157)*X(1)*X(49)-(0.12047)*X(1)*X(51)-(0.019048)*X(6)*X(1)-(-0.070988)*X(6)*X(8)-(0.070988)*X(6)*X(13)-(-0.057144)*X(6)*X(29)-(-0.014149)*X(8)*X(38)-(0.017959)*X(8)*X(49)-(0.089794)*X(8)*X(53)-(0.072312)*X(11)*X(15)-(0.031235)*X(11)*X(40)-(0.049308)*X(13)*X(18)-(-0.064678)*X(13)*X(22)-(0.063494)*X(13)*X(42)-(0.020661)*X(15)*X(11)-(0.011813)*X(18)*X(1)-(-0.012327)*X(18)*X(13)-(-0.068804)*X(18)*X(24)-(-0.05977)*X(20)*X(27)-(-0.01078)*X(22)*X(13)-(-0.030991)*X(22)*X(29)-(0.060167)*X(22)*X(33)-(-0.030579)*X(24)*X(18)-(0.033413)*X(24)*X(51)-(0.077963)*X(24)*X(55)-(-0.0099617)*X(27)*X(20)-(0.064953)*X(27)*X(35)-(-0.025397)*X(29)*X(6)-(0.020661)*X(29)*X(22)-(0.063274)*X(29)*X(38)-(0.044897)*X(31)*X(40)-(0.017191)*X(33)*X(22)-(0.017326)*X(33)*X(42)-(-0.056967)*X(33)*X(46)-(0.035429)*X(35)*X(27)-(-0.0082533)*X(38)*X(8)-(0.023728)*X(38)*X(29)-(0.017037)*X(40)*X(11)-(0.031747)*X(42)*X(13)-(-0.025989)*X(42)*X(33)-(-0.021363)*X(46)*X(33)-(0.060235)*X(49)*X(1)-(0.062855)*X(49)*X(8)-(0.020078)*X(51)*X(1)-(0.061256)*X(51)*X(24)-(0.044897)*X(53)*X(8)-(0.050119)*X(55)*X(24);
-Pr*(5)*X(4)+Pr*Ro*(0.89443)*X(3)-(-0.09524)*X(1)*X(7)-(0.031747)*X(1)*X(19)-(-0.044897)*X(1)*X(48)-(0.13469)*X(1)*X(50)-(-0.060235)*X(6)*X(2)-(0.10039)*X(6)*X(9)-(-0.10039)*X(6)*X(14)-(0.060235)*X(6)*X(30)-(-0.070988)*X(8)*X(7)-(-0.014198)*X(8)*X(39)-(0.020078)*X(8)*X(48)-(0.10039)*X(8)*X(52)-(0.09524)*X(11)*X(16)-(0.031747)*X(11)*X(41)-(-0.070988)*X(13)*X(7)-(0.099383)*X(13)*X(19)-(-0.099383)*X(13)*X(23)-(0.070988)*X(13)*X(43)-(-0.065334)*X(15)*X(12)-(-0.012452)*X(18)*X(2)-(-0.087165)*X(18)*X(14)-(0.087165)*X(18)*X(25)-(0.099617)*X(20)*X(28)-(-0.076223)*X(22)*X(14)-(0.098002)*X(22)*X(30)-(-0.098002)*X(22)*X(34)-(-0.061635)*X(24)*X(19)-(0.037356)*X(24)*X(50)-(0.087165)*X(24)*X(54)-(-0.080314)*X(27)*X(21)-(0.080314)*X(27)*X(36)-(-0.031747)*X(29)*X(7)-(-0.09524)*X(29)*X(23)-(0.09524)*X(29)*X(39)-(0.10039)*X(31)*X(41)-(-0.079245)*X(33)*X(23)-(0.096855)*X(33)*X(43)-(-0.096855)*X(33)*X(47)-(-0.059048)*X(35)*X(28)-(0.0083371)*X(38)*X(9)-(-0.075034)*X(38)*X(30)-(-0.017959)*X(40)*X(12)-(-0.089794)*X(40)*X(32)-(-0.044897)*X(42)*X(14)-(-0.098773)*X(42)*X(34)-(-0.081191)*X(46)*X(34)-(-0.063494)*X(49)*X(2)-(-0.063494)*X(49)*X(9)-(-0.063494)*X(51)*X(2)-(-0.063494)*X(51)*X(25)-(-0.063494)*X(53)*X(9)-(-0.063494)*X(55)*X(25);
-Pr*(1)*X(5);
-Pr*(5)*X(6)+Pr*Ra*(-0.89443)*X(62)+Pr*Ro*(-0.44721)*X(7)-(0.076192)*X(1)*X(3)-(-0.031502)*X(1)*X(20)-(-0.019048)*X(3)*X(1)-(0.070988)*X(3)*X(8)-(-0.070988)*X(3)*X(13)-(0.057144)*X(3)*X(29)-(0.064678)*X(8)*X(15)-(0.049308)*X(8)*X(20)-(-0.063494)*X(8)*X(40)-(0.072312)*X(11)*X(22)-(-0.031235)*X(11)*X(42)-(0.020078)*X(11)*X(49)-(0.060235)*X(11)*X(51)-(0.014149)*X(13)*X(44)-(0.01078)*X(15)*X(8)-(0.060167)*X(15)*X(24)-(-0.030991)*X(15)*X(29)-(-0.05977)*X(18)*X(31)-(-0.011813)*X(20)*X(1)-(-0.012327)*X(20)*X(8)-(-0.068804)*X(20)*X(33)-(0.020661)*X(22)*X(11)-(0.017191)*X(24)*X(15)-(0.056967)*X(24)*X(35)-(0.017326)*X(24)*X(40)-(0.044897)*X(27)*X(42)-(0.038096)*X(27)*X(51)-(0.063494)*X(27)*X(53)-(0.025397)*X(29)*X(3)-(0.020661)*X(29)*X(15)-(0.063274)*X(29)*X(44)-(-0.0099617)*X(31)*X(18)-(0.064953)*X(31)*X(46)-(-0.030579)*X(33)*X(20)-(0.021363)*X(35)*X(24)-(-0.031747)*X(40)*X(8)-(-0.025989)*X(40)*X(24)-(-0.017037)*X(42)*X(11)-(0.0082533)*X(44)*X(13)-(0.023728)*X(44)*X(29)-(0.035429)*X(46)*X(31)-(0.12047)*X(49)*X(11)-(-0.040157)*X(51)*X(11)-(0.10159)*X(51)*X(27);
-Pr*(5)*X(7)+Pr*Ro*(0.44721)*X(6)-(0.09524)*X(1)*X(4)-(-0.031747)*X(1)*X(21)-(-0.060235)*X(3)*X(2)-(-0.10039)*X(3)*X(9)-(-0.10039)*X(3)*X(14)-(-0.060235)*X(3)*X(30)-(0.070988)*X(8)*X(4)-(0.099383)*X(8)*X(16)-(-0.099383)*X(8)*X(21)-(-0.070988)*X(8)*X(41)-(-0.09524)*X(11)*X(23)-(-0.031747)*X(11)*X(43)-(0.044897)*X(11)*X(48)-(0.13469)*X(11)*X(50)-(0.070988)*X(13)*X(4)-(0.014198)*X(13)*X(45)-(-0.076223)*X(15)*X(9)-(-0.098002)*X(15)*X(25)-(-0.098002)*X(15)*X(30)-(-0.099617)*X(18)*X(32)-(0.012452)*X(20)*X(2)-(0.087165)*X(20)*X(9)-(-0.087165)*X(20)*X(34)-(0.065334)*X(22)*X(12)-(0.079245)*X(24)*X(16)-(0.096855)*X(24)*X(36)-(-0.096855)*X(24)*X(41)-(-0.10039)*X(27)*X(43)-(0.085186)*X(27)*X(50)-(0.14198)*X(27)*X(52)-(0.031747)*X(29)*X(4)-(0.09524)*X(29)*X(16)-(-0.09524)*X(29)*X(45)-(0.080314)*X(31)*X(19)-(-0.080314)*X(31)*X(47)-(0.061635)*X(33)*X(21)-(-0.081191)*X(35)*X(25)-(0.044897)*X(40)*X(9)-(0.098773)*X(40)*X(25)-(0.017959)*X(42)*X(12)-(0.089794)*X(42)*X(28)-(-0.0083371)*X(44)*X(14)-(0.075034)*X(44)*X(30)-(0.059048)*X(46)*X(32)-(-0.12699)*X(49)*X(12)-(-0.12699)*X(51)*X(12)-(-0.12699)*X(51)*X(28)-(-0.12699)*X(53)*X(28);
