function [dX] =HKC_k1_1_k2_1_3(X,Pr,Ra,Ro)

dX = [ -Pr*(2)*X(1)+Pr*Ra*(-0.70711)*X(21)+Pr*Ro*(0.70711)*X(2)-(0.019048)*X(3)*X(6)-(-0.020078)*X(3)*X(16)-(-0.060235)*X(3)*X(18)-(-0.019048)*X(6)*X(3)-(-0.028395)*X(11)*X(8)-(0.028395)*X(11)*X(13)-(-0.060235)*X(16)*X(3)-(-0.020078)*X(18)*X(3);
-Pr*(2)*X(2)+Pr*Ro*(-0.70711)*X(1)-(0.060235)*X(3)*X(7)-(0.028395)*X(3)*X(15)-(0.085186)*X(3)*X(17)-(0.060235)*X(6)*X(4)-(-0.05679)*X(8)*X(12)-(-0.063494)*X(11)*X(9)-(-0.063494)*X(11)*X(14)-(-0.05679)*X(13)*X(12)-(0.063494)*X(16)*X(4)-(0.063494)*X(18)*X(4);
-Pr*(5)*X(3)+Pr*Ra*(-0.44721)*X(22)+Pr*Ro*(-0.89443)*X(4)-(-0.076192)*X(1)*X(6)-(-0.040157)*X(1)*X(16)-(0.12047)*X(1)*X(18)-(0.019048)*X(6)*X(1)-(-0.070988)*X(6)*X(8)-(0.070988)*X(6)*X(13)-(0.017959)*X(8)*X(16)-(0.089794)*X(8)*X(20)-(0.060235)*X(16)*X(1)-(0.062855)*X(16)*X(8)-(0.020078)*X(18)*X(1)-(0.044897)*X(20)*X(8);
-Pr*(5)*X(4)+Pr*Ro*(0.89443)*X(3)-(-0.09524)*X(1)*X(7)-(-0.044897)*X(1)*X(15)-(0.13469)*X(1)*X(17)-(-0.060235)*X(6)*X(2)-(0.10039)*X(6)*X(9)-(-0.10039)*X(6)*X(14)-(-0.070988)*X(8)*X(7)-(0.020078)*X(8)*X(15)-(0.10039)*X(8)*X(19)-(-0.070988)*X(13)*X(7)-(-0.063494)*X(16)*X(2)-(-0.063494)*X(16)*X(9)-(-0.063494)*X(18)*X(2)-(-0.063494)*X(20)*X(9);
-Pr*(1)*X(5);
-Pr*(5)*X(6)+Pr*Ra*(-0.89443)*X(23)+Pr*Ro*(-0.44721)*X(7)-(0.076192)*X(1)*X(3)-(-0.019048)*X(3)*X(1)-(0.070988)*X(3)*X(8)-(-0.070988)*X(3)*X(13)-(0.020078)*X(11)*X(16)-(0.060235)*X(11)*X(18)-(0.12047)*X(16)*X(11)-(-0.040157)*X(18)*X(11);
-Pr*(5)*X(7)+Pr*Ro*(0.44721)*X(6)-(0.09524)*X(1)*X(4)-(-0.060235)*X(3)*X(2)-(-0.10039)*X(3)*X(9)-(-0.10039)*X(3)*X(14)-(0.070988)*X(8)*X(4)-(0.044897)*X(11)*X(15)-(0.13469)*X(11)*X(17)-(0.070988)*X(13)*X(4)-(-0.12699)*X(16)*X(12)-(-0.12699)*X(18)*X(12);
-Pr*(10)*X(8)+Pr*Ra*(-0.31623)*X(24)+Pr*Ro*(0.94868)*X(9)-(-0.11358)*X(1)*X(11)-(-0.070988)*X(3)*X(6)-(0.026938)*X(3)*X(16)-(-0.13469)*X(3)*X(20)-(0.070988)*X(6)*X(3)-(0.028395)*X(11)*X(1)-(-0.076192)*X(11)*X(13)-(0.050795)*X(13)*X(11)-(-0.062855)*X(16)*X(3)-(-0.044897)*X(20)*X(3);
-Pr*(10)*X(9)+Pr*Ro*(-0.94868)*X(8)-(-0.12699)*X(1)*X(12)-(0.10039)*X(3)*X(7)-(-0.028395)*X(3)*X(15)-(0.14198)*X(3)*X(19)-(-0.10039)*X(6)*X(4)-(0.063494)*X(11)*X(2)-(-0.12699)*X(11)*X(14)-(0.11358)*X(13)*X(12)-(0.063494)*X(16)*X(4)-(0.063494)*X(20)*X(4);
-Pr*(4)*X(10);
-Pr*(8)*X(11)+Pr*Ra*(-0.70711)*X(25)+Pr*Ro*(0.70711)*X(12)-(0.11358)*X(1)*X(8)-(-0.11358)*X(1)*X(13)-(0.040157)*X(6)*X(16)-(-0.12047)*X(6)*X(18)-(0.050795)*X(8)*X(13)-(-0.050795)*X(13)*X(8)-(-0.12047)*X(16)*X(6)-(0.040157)*X(18)*X(6);
-Pr*(8)*X(12)+Pr*Ro*(-0.70711)*X(11)-(0.12699)*X(1)*X(9)-(-0.12699)*X(1)*X(14)-(-0.05679)*X(6)*X(15)-(0.17037)*X(6)*X(17)-(0.05679)*X(8)*X(2)-(-0.11358)*X(8)*X(14)-(0.05679)*X(13)*X(2)-(-0.11358)*X(13)*X(9)-(0.12699)*X(16)*X(7)-(0.12699)*X(18)*X(7);
-Pr*(10)*X(13)+Pr*Ra*(-0.94868)*X(26)+Pr*Ro*(0.31623)*X(14)-(0.11358)*X(1)*X(11)-(0.070988)*X(3)*X(6)-(-0.070988)*X(6)*X(3)-(-0.050795)*X(8)*X(11)-(-0.028395)*X(11)*X(1)-(0.076192)*X(11)*X(8);
-Pr*(10)*X(14)+Pr*Ro*(-0.31623)*X(13)-(0.12699)*X(1)*X(12)-(0.10039)*X(3)*X(7)-(0.10039)*X(6)*X(4)-(0.11358)*X(8)*X(12)-(0.063494)*X(11)*X(2)-(0.12699)*X(11)*X(9);
-Pr*(1)*X(15)+Pr*Ro*(1)*X(16)-(0.044897)*X(1)*X(4)-(-0.028395)*X(3)*X(2)-(0.028395)*X(3)*X(9)-(0.05679)*X(6)*X(12)-(-0.020078)*X(8)*X(4)-(-0.044897)*X(11)*X(7);
-Pr*(1)*X(16)+Pr*Ro*(-1)*X(15)-(0.040157)*X(1)*X(3)-(0.020078)*X(3)*X(1)-(-0.026938)*X(3)*X(8)-(-0.040157)*X(6)*X(11)-(-0.017959)*X(8)*X(3)-(-0.020078)*X(11)*X(6);
-Pr*(9)*X(17)+Pr*Ro*(1)*X(18)-(-0.13469)*X(1)*X(4)-(-0.085186)*X(3)*X(2)-(-0.17037)*X(6)*X(12)-(-0.13469)*X(11)*X(7);
-Pr*(9)*X(18)+Pr*Ro*(-1)*X(17)-(-0.12047)*X(1)*X(3)-(0.060235)*X(3)*X(1)-(0.12047)*X(6)*X(11)-(-0.060235)*X(11)*X(6);
-Pr*(25)*X(19)+Pr*Ro*(1)*X(20)-(-0.14198)*X(3)*X(9)-(-0.10039)*X(8)*X(4);
-Pr*(25)*X(20)+Pr*Ro*(-1)*X(19)-(0.13469)*X(3)*X(8)-(-0.089794)*X(8)*X(3);
-(2)*X(21)+(-0.70711)*X(1)-(0.089794)*X(1)*X(27)-(0.060235)*X(3)*X(23)-(0.060235)*X(6)*X(22)-(0.05679)*X(8)*X(25)-(-0.040157)*X(8)*X(27)-(0.080314)*X(8)*X(28)-(0.063494)*X(11)*X(24)-(0.063494)*X(11)*X(26)-(0.05679)*X(13)*X(25)-(-0.063494)*X(16)*X(22)-(0.063494)*X(18)*X(22);
-(5)*X(22)+(-0.44721)*X(3)-(-0.09524)*X(1)*X(23)-(0.11358)*X(3)*X(28)-(-0.060235)*X(6)*X(21)-(0.10039)*X(6)*X(24)-(0.10039)*X(6)*X(26)-(0.070988)*X(8)*X(23)-(0.070988)*X(13)*X(23)-(0.063494)*X(16)*X(21)-(0.063494)*X(16)*X(24)-(-0.063494)*X(18)*X(21)-(-0.063494)*X(20)*X(24);
-(5)*X(23)+(-0.89443)*X(6)-(0.09524)*X(1)*X(22)-(-0.060235)*X(3)*X(21)-(0.10039)*X(3)*X(24)-(-0.10039)*X(3)*X(26)-(0.11358)*X(6)*X(27)-(-0.070988)*X(8)*X(22)-(-0.070988)*X(13)*X(22)-(0.12699)*X(16)*X(25)-(-0.12699)*X(18)*X(25);
-(10)*X(24)+(-0.31623)*X(8)-(-0.12699)*X(1)*X(25)-(-0.089794)*X(1)*X(27)-(0.17959)*X(1)*X(28)-(-0.10039)*X(3)*X(23)-(-0.10039)*X(6)*X(22)-(0.12047)*X(8)*X(29)-(-0.063494)*X(11)*X(21)-(-0.12699)*X(11)*X(26)-(-0.11358)*X(13)*X(25)-(-0.063494)*X(16)*X(22)-(0.063494)*X(20)*X(22);
-(8)*X(25)+(-0.70711)*X(11)-(0.12699)*X(1)*X(24)-(-0.12699)*X(1)*X(26)-(-0.05679)*X(8)*X(21)-(0.11358)*X(8)*X(26)-(0.17959)*X(11)*X(28)-(-0.05679)*X(13)*X(21)-(0.11358)*X(13)*X(24)-(-0.12699)*X(16)*X(23)-(0.12699)*X(18)*X(23);
-(10)*X(26)+(-0.94868)*X(13)-(0.12699)*X(1)*X(25)-(0.10039)*X(3)*X(23)-(-0.10039)*X(6)*X(22)-(-0.11358)*X(8)*X(25)-(-0.063494)*X(11)*X(21)-(0.12699)*X(11)*X(24)-(0.12047)*X(13)*X(27);
-(4)*X(27)-(-0.089794)*X(1)*X(21)-(0.089794)*X(1)*X(24)-(-0.11358)*X(6)*X(23)-(0.040157)*X(8)*X(21)-(-0.12047)*X(13)*X(26);
-(16)*X(28)-(-0.17959)*X(1)*X(24)-(-0.11358)*X(3)*X(22)-(-0.080314)*X(8)*X(21)-(-0.17959)*X(11)*X(25);
-(36)*X(29)-(-0.12047)*X(8)*X(24)];
end