function [dX] =HKC_k1_1_k2_1_5(X,Pr,Ra,Ro)

dX = [ -Pr*(2)*X(1)+Pr*Ra*(-0.70711)*X(45)+Pr*Ro*(0.70711)*X(2)-(0.019048)*X(3)*X(6)-(-0.019689)*X(3)*X(18)-(-0.020078)*X(3)*X(36)-(-0.060235)*X(3)*X(38)-(-0.019048)*X(6)*X(3)-(0.019689)*X(6)*X(20)-(-0.026938)*X(8)*X(27)-(-0.028395)*X(11)*X(8)-(0.028395)*X(11)*X(13)-(0.026938)*X(13)*X(31)-(-0.010678)*X(15)*X(18)-(-0.032667)*X(15)*X(38)-(-0.054445)*X(15)*X(40)-(-0.011813)*X(18)*X(3)-(-0.032033)*X(18)*X(15)-(0.01221)*X(18)*X(20)-(0.011813)*X(20)*X(6)-(-0.01221)*X(20)*X(18)-(0.032033)*X(20)*X(22)-(0.010678)*X(22)*X(20)-(-0.016706)*X(24)*X(27)-(-0.017959)*X(27)*X(8)-(-0.033413)*X(27)*X(24)-(-0.020078)*X(29)*X(27)-(0.020078)*X(29)*X(31)-(0.017959)*X(31)*X(13)-(0.033413)*X(31)*X(33)-(0.016706)*X(33)*X(31)-(-0.060235)*X(36)*X(3)-(-0.020078)*X(38)*X(3)-(-0.054445)*X(38)*X(15)-(-0.032667)*X(40)*X(15);
-Pr*(2)*X(2)+Pr*Ro*(-0.70711)*X(1)-(0.060235)*X(3)*X(7)-(0.020078)*X(3)*X(19)-(0.028395)*X(3)*X(35)-(0.085186)*X(3)*X(37)-(0.060235)*X(6)*X(4)-(-0.020078)*X(6)*X(21)-(-0.05679)*X(8)*X(12)-(-0.028395)*X(8)*X(28)-(-0.063494)*X(11)*X(9)-(-0.063494)*X(11)*X(14)-(-0.05679)*X(13)*X(12)-(0.028395)*X(13)*X(32)-(0.054445)*X(15)*X(19)-(0.046198)*X(15)*X(37)-(0.076997)*X(15)*X(39)-(0.012452)*X(18)*X(4)-(0.062261)*X(18)*X(16)-(0.062261)*X(18)*X(21)-(-0.012452)*X(20)*X(7)-(0.062261)*X(20)*X(19)-(0.062261)*X(20)*X(23)-(0.054445)*X(22)*X(21)-(-0.05283)*X(24)*X(28)-(-0.020078)*X(27)*X(9)-(-0.060235)*X(27)*X(25)-(-0.060235)*X(27)*X(30)-(-0.063494)*X(29)*X(28)-(-0.063494)*X(29)*X(32)-(0.020078)*X(31)*X(14)-(-0.060235)*X(31)*X(30)-(-0.060235)*X(31)*X(34)-(-0.05283)*X(33)*X(32)-(0.063494)*X(36)*X(4)-(0.063494)*X(38)*X(4)-(0.063494)*X(38)*X(16)-(0.063494)*X(40)*X(16);
-Pr*(5)*X(3)+Pr*Ra*(-0.44721)*X(46)+Pr*Ro*(-0.89443)*X(4)-(-0.076192)*X(1)*X(6)-(0.031502)*X(1)*X(18)-(-0.040157)*X(1)*X(36)-(0.12047)*X(1)*X(38)-(0.019048)*X(6)*X(1)-(-0.070988)*X(6)*X(8)-(0.070988)*X(6)*X(13)-(-0.057144)*X(6)*X(29)-(0.017959)*X(8)*X(36)-(0.089794)*X(8)*X(40)-(0.072312)*X(11)*X(15)-(0.049308)*X(13)*X(18)-(-0.064678)*X(13)*X(22)-(0.020661)*X(15)*X(11)-(0.011813)*X(18)*X(1)-(-0.012327)*X(18)*X(13)-(-0.068804)*X(18)*X(24)-(-0.05977)*X(20)*X(27)-(-0.01078)*X(22)*X(13)-(-0.030991)*X(22)*X(29)-(0.060167)*X(22)*X(33)-(-0.030579)*X(24)*X(18)-(0.033413)*X(24)*X(38)-(0.077963)*X(24)*X(42)-(-0.0099617)*X(27)*X(20)-(-0.025397)*X(29)*X(6)-(0.020661)*X(29)*X(22)-(0.017191)*X(33)*X(22)-(0.060235)*X(36)*X(1)-(0.062855)*X(36)*X(8)-(0.020078)*X(38)*X(1)-(0.061256)*X(38)*X(24)-(0.044897)*X(40)*X(8)-(0.050119)*X(42)*X(24);
-Pr*(5)*X(4)+Pr*Ro*(0.89443)*X(3)-(-0.09524)*X(1)*X(7)-(0.031747)*X(1)*X(19)-(-0.044897)*X(1)*X(35)-(0.13469)*X(1)*X(37)-(-0.060235)*X(6)*X(2)-(0.10039)*X(6)*X(9)-(-0.10039)*X(6)*X(14)-(0.060235)*X(6)*X(30)-(-0.070988)*X(8)*X(7)-(0.020078)*X(8)*X(35)-(0.10039)*X(8)*X(39)-(0.09524)*X(11)*X(16)-(-0.070988)*X(13)*X(7)-(0.099383)*X(13)*X(19)-(-0.099383)*X(13)*X(23)-(-0.065334)*X(15)*X(12)-(-0.012452)*X(18)*X(2)-(-0.087165)*X(18)*X(14)-(0.087165)*X(18)*X(25)-(0.099617)*X(20)*X(28)-(-0.076223)*X(22)*X(14)-(0.098002)*X(22)*X(30)-(-0.098002)*X(22)*X(34)-(-0.061635)*X(24)*X(19)-(0.037356)*X(24)*X(37)-(0.087165)*X(24)*X(41)-(-0.080314)*X(27)*X(21)-(-0.031747)*X(29)*X(7)-(-0.09524)*X(29)*X(23)-(-0.079245)*X(33)*X(23)-(-0.063494)*X(36)*X(2)-(-0.063494)*X(36)*X(9)-(-0.063494)*X(38)*X(2)-(-0.063494)*X(38)*X(25)-(-0.063494)*X(40)*X(9)-(-0.063494)*X(42)*X(25);
-Pr*(1)*X(5);
-Pr*(5)*X(6)+Pr*Ra*(-0.89443)*X(47)+Pr*Ro*(-0.44721)*X(7)-(0.076192)*X(1)*X(3)-(-0.031502)*X(1)*X(20)-(-0.019048)*X(3)*X(1)-(0.070988)*X(3)*X(8)-(-0.070988)*X(3)*X(13)-(0.057144)*X(3)*X(29)-(0.064678)*X(8)*X(15)-(0.049308)*X(8)*X(20)-(0.072312)*X(11)*X(22)-(0.020078)*X(11)*X(36)-(0.060235)*X(11)*X(38)-(0.01078)*X(15)*X(8)-(0.060167)*X(15)*X(24)-(-0.030991)*X(15)*X(29)-(-0.05977)*X(18)*X(31)-(-0.011813)*X(20)*X(1)-(-0.012327)*X(20)*X(8)-(-0.068804)*X(20)*X(33)-(0.020661)*X(22)*X(11)-(0.017191)*X(24)*X(15)-(0.038096)*X(27)*X(38)-(0.063494)*X(27)*X(40)-(0.025397)*X(29)*X(3)-(0.020661)*X(29)*X(15)-(-0.0099617)*X(31)*X(18)-(-0.030579)*X(33)*X(20)-(0.12047)*X(36)*X(11)-(-0.040157)*X(38)*X(11)-(0.10159)*X(38)*X(27);
-Pr*(5)*X(7)+Pr*Ro*(0.44721)*X(6)-(0.09524)*X(1)*X(4)-(-0.031747)*X(1)*X(21)-(-0.060235)*X(3)*X(2)-(-0.10039)*X(3)*X(9)-(-0.10039)*X(3)*X(14)-(-0.060235)*X(3)*X(30)-(0.070988)*X(8)*X(4)-(0.099383)*X(8)*X(16)-(-0.099383)*X(8)*X(21)-(-0.09524)*X(11)*X(23)-(0.044897)*X(11)*X(35)-(0.13469)*X(11)*X(37)-(0.070988)*X(13)*X(4)-(-0.076223)*X(15)*X(9)-(-0.098002)*X(15)*X(25)-(-0.098002)*X(15)*X(30)-(-0.099617)*X(18)*X(32)-(0.012452)*X(20)*X(2)-(0.087165)*X(20)*X(9)-(-0.087165)*X(20)*X(34)-(0.065334)*X(22)*X(12)-(0.079245)*X(24)*X(16)-(0.085186)*X(27)*X(37)-(0.14198)*X(27)*X(39)-(0.031747)*X(29)*X(4)-(0.09524)*X(29)*X(16)-(0.080314)*X(31)*X(19)-(0.061635)*X(33)*X(21)-(-0.12699)*X(36)*X(12)-(-0.12699)*X(38)*X(12)-(-0.12699)*X(38)*X(28)-(-0.12699)*X(40)*X(28);
-Pr*(10)*X(8)+Pr*Ra*(-0.31623)*X(48)+Pr*Ro*(0.94868)*X(9)-(-0.11358)*X(1)*X(11)-(0.062855)*X(1)*X(27)-(-0.070988)*X(3)*X(6)-(0.026938)*X(3)*X(36)-(-0.13469)*X(3)*X(40)-(0.070988)*X(6)*X(3)-(-0.11858)*X(6)*X(15)-(-0.11094)*X(6)*X(20)-(0.028395)*X(11)*X(1)-(-0.076192)*X(11)*X(13)-(-0.11026)*X(11)*X(24)-(0.050795)*X(13)*X(11)-(-0.10039)*X(13)*X(27)-(-0.10039)*X(13)*X(31)-(-0.01078)*X(15)*X(6)-(-0.014609)*X(15)*X(36)-(-0.10226)*X(15)*X(42)-(0.012327)*X(20)*X(6)-(-0.073538)*X(20)*X(22)-(0.031516)*X(22)*X(20)-(-0.031502)*X(24)*X(11)-(0.017959)*X(27)*X(1)-(-0.069732)*X(31)*X(33)-(0.017433)*X(33)*X(31)-(-0.062855)*X(36)*X(3)-(-0.063307)*X(36)*X(15)-(-0.044897)*X(40)*X(3)-(-0.053567)*X(42)*X(15);
-Pr*(10)*X(9)+Pr*Ro*(-0.94868)*X(8)-(-0.12699)*X(1)*X(12)-(0.063494)*X(1)*X(28)-(0.10039)*X(3)*X(7)-(-0.028395)*X(3)*X(35)-(0.14198)*X(3)*X(39)-(-0.10039)*X(6)*X(4)-(0.14055)*X(6)*X(16)-(0.14055)*X(6)*X(21)-(0.063494)*X(11)*X(2)-(-0.12699)*X(11)*X(14)-(-0.12699)*X(11)*X(25)-(0.11358)*X(13)*X(12)-(-0.14198)*X(13)*X(28)-(-0.14198)*X(13)*X(32)-(0.076223)*X(15)*X(7)-(0.015399)*X(15)*X(35)-(0.1078)*X(15)*X(41)-(-0.087165)*X(20)*X(7)-(0.13697)*X(20)*X(23)-(-0.11978)*X(22)*X(21)-(-0.07044)*X(24)*X(12)-(0.020078)*X(27)*X(2)-(-0.10039)*X(27)*X(14)-(0.10039)*X(31)*X(14)-(-0.14055)*X(31)*X(34)-(0.12327)*X(33)*X(32)-(0.063494)*X(36)*X(4)-(0.063494)*X(36)*X(16)-(0.063494)*X(40)*X(4)-(0.063494)*X(42)*X(16);
-Pr*(4)*X(10);
-Pr*(8)*X(11)+Pr*Ra*(-0.70711)*X(49)+Pr*Ro*(0.70711)*X(12)-(0.11358)*X(1)*X(8)-(-0.11358)*X(1)*X(13)-(-0.1033)*X(3)*X(15)-(-0.1033)*X(6)*X(22)-(0.040157)*X(6)*X(36)-(-0.12047)*X(6)*X(38)-(0.050795)*X(8)*X(13)-(0.094505)*X(8)*X(24)-(-0.050795)*X(13)*X(8)-(-0.094505)*X(13)*X(33)-(-0.020661)*X(15)*X(3)-(0.021355)*X(15)*X(20)-(0.064066)*X(18)*X(22)-(-0.024904)*X(18)*X(36)-(-0.12452)*X(18)*X(40)-(-0.064066)*X(20)*X(15)-(-0.020661)*X(22)*X(6)-(-0.021355)*X(22)*X(18)-(0.031502)*X(24)*X(8)-(0.038096)*X(27)*X(31)-(-0.07044)*X(29)*X(24)-(0.07044)*X(29)*X(33)-(-0.038096)*X(31)*X(27)-(-0.031502)*X(33)*X(13)-(-0.12047)*X(36)*X(6)-(-0.12452)*X(36)*X(18)-(0.040157)*X(38)*X(6)-(-0.024904)*X(40)*X(18);
-Pr*(8)*X(12)+Pr*Ro*(-0.70711)*X(11)-(0.12699)*X(1)*X(9)-(-0.12699)*X(1)*X(14)-(0.12047)*X(3)*X(16)-(0.12047)*X(6)*X(23)-(-0.05679)*X(6)*X(35)-(0.17037)*X(6)*X(37)-(0.05679)*X(8)*X(2)-(-0.11358)*X(8)*X(14)-(0.11358)*X(8)*X(25)-(0.05679)*X(13)*X(2)-(-0.11358)*X(13)*X(9)-(-0.11358)*X(13)*X(34)-(0.065334)*X(15)*X(4)-(0.10889)*X(15)*X(21)-(0.12452)*X(18)*X(23)-(0.03522)*X(18)*X(35)-(0.1761)*X(18)*X(39)-(0.12452)*X(20)*X(16)-(-0.065334)*X(22)*X(7)-(0.10889)*X(22)*X(19)-(0.07044)*X(24)*X(9)-(-0.10566)*X(24)*X(30)-(-0.12047)*X(27)*X(32)-(-0.12699)*X(29)*X(25)-(-0.12699)*X(29)*X(34)-(-0.12047)*X(31)*X(28)-(0.07044)*X(33)*X(14)-(-0.10566)*X(33)*X(30)-(0.12699)*X(36)*X(7)-(0.12699)*X(36)*X(19)-(0.12699)*X(38)*X(7)-(0.12699)*X(40)*X(19);
