function [dX] =l1_k1_1_k2_1_3(X,Pr,Ra,Ro)

dX = [ -Pr*(1)*X(1)-(0.063494)*X(2)*X(9)-(0.044897)*X(3)*X(14)-(-0.063494)*X(3)*X(30)-(-0.063494)*X(7)*X(18)-(-0.036658)*X(7)*X(20)-(0.040157)*X(8)*X(23)-(-0.040157)*X(9)*X(22)-(-0.040157)*X(10)*X(26)-(-0.028395)*X(13)*X(4)-(0.044897)*X(19)*X(6)-(-0.025921)*X(21)*X(6)-(-0.020078)*X(22)*X(9)-(0.020078)*X(23)*X(8)-(0.089794)*X(29)*X(4);
-Pr*(1)*X(2)-(-0.063494)*X(1)*X(9)-(0.063494)*X(4)*X(19)-(-0.036658)*X(4)*X(21)-(0.040157)*X(5)*X(23)-(-0.044897)*X(6)*X(24)-(0.063494)*X(6)*X(29)-(-0.040157)*X(8)*X(26)-(0.040157)*X(9)*X(27)-(-0.044897)*X(18)*X(3)-(-0.025921)*X(20)*X(3)-(0.028395)*X(25)*X(7)-(-0.020078)*X(26)*X(8)-(0.020078)*X(27)*X(9)-(-0.089794)*X(30)*X(7);
-Pr*(2)*X(3)+Pr*Ra*(0.70711)*X(33)+Pr*Ro*(-0.70711)*X(4)-(0.044897)*X(2)*X(18)-(-0.077764)*X(2)*X(20)-(-0.031747)*X(6)*X(8)-(0.044897)*X(7)*X(9)-(0.031747)*X(8)*X(6)-(0.044897)*X(9)*X(7)-(-0.019048)*X(11)*X(13)-(0.020078)*X(11)*X(29)-(0.060235)*X(11)*X(31)-(0.019048)*X(13)*X(11)-(0.031747)*X(16)*X(18)-(0.018329)*X(16)*X(20)-(-0.014198)*X(17)*X(19)-(-0.008197)*X(17)*X(21)-(0.044897)*X(18)*X(2)-(0.031747)*X(18)*X(16)-(0.014198)*X(18)*X(22)-(0.014198)*X(19)*X(17)-(0.014198)*X(19)*X(23)-(0.025921)*X(20)*X(2)-(-0.054987)*X(20)*X(16)-(-0.024591)*X(20)*X(22)-(-0.024591)*X(21)*X(17)-(-0.024591)*X(21)*X(23)-(0.014198)*X(22)*X(18)-(0.008197)*X(22)*X(20)-(0.014198)*X(23)*X(19)-(0.008197)*X(23)*X(21)-(0.05679)*X(24)*X(26)-(-0.050795)*X(25)*X(27)-(0.05679)*X(26)*X(24)-(0.050795)*X(27)*X(25)-(0.060235)*X(29)*X(11)-(0.020078)*X(31)*X(11);
-Pr*(2)*X(4)+Pr*Ro*(0.70711)*X(3)-(-0.063494)*X(2)*X(19)-(-0.036658)*X(2)*X(21)-(0.089794)*X(3)*X(5)-(-0.044897)*X(6)*X(9)-(0.063494)*X(7)*X(8)-(0.044897)*X(9)*X(6)-(-0.060235)*X(11)*X(14)-(-0.028395)*X(11)*X(30)-(-0.085186)*X(11)*X(32)-(0.028395)*X(13)*X(1)-(-0.060235)*X(13)*X(12)-(-0.085186)*X(13)*X(15)-(-0.044897)*X(16)*X(19)-(-0.025921)*X(16)*X(21)-(0.020078)*X(17)*X(18)-(0.011592)*X(17)*X(20)-(-0.040157)*X(18)*X(17)-(-0.040157)*X(18)*X(23)-(-0.040157)*X(19)*X(22)-(0.069554)*X(20)*X(17)-(0.069554)*X(20)*X(23)-(0.069554)*X(21)*X(22)-(-0.020078)*X(22)*X(19)-(-0.011592)*X(22)*X(21)-(-0.020078)*X(23)*X(18)-(-0.011592)*X(23)*X(20)-(-0.040157)*X(24)*X(27)-(0.035917)*X(25)*X(26)-(-0.035917)*X(26)*X(25)-(-0.089794)*X(29)*X(1)-(-0.063494)*X(29)*X(12)-(-0.063494)*X(31)*X(12);
-Pr*(4)*X(5)-(-0.16063)*X(2)*X(23)-(-0.089794)*X(3)*X(4)-(-0.063494)*X(8)*X(9)-(0.063494)*X(9)*X(8)-(-0.11358)*X(11)*X(12)-(-0.080314)*X(13)*X(30)-(-0.063494)*X(18)*X(19)-(-0.036658)*X(18)*X(21)-(0.063494)*X(19)*X(18)-(0.036658)*X(19)*X(20)-(0.036658)*X(20)*X(19)-(0.021165)*X(20)*X(21)-(-0.036658)*X(21)*X(18)-(-0.021165)*X(21)*X(20)-(-0.050795)*X(26)*X(27)-(0.050795)*X(27)*X(26)-(-0.17959)*X(29)*X(14);
-Pr*(2)*X(6)+Pr*Ra*(-0.70711)*X(34)+Pr*Ro*(0.70711)*X(7)-(-0.044897)*X(1)*X(19)-(-0.077764)*X(1)*X(21)-(0.031747)*X(3)*X(8)-(-0.044897)*X(4)*X(9)-(-0.031747)*X(8)*X(3)-(-0.044897)*X(9)*X(4)-(0.014198)*X(11)*X(18)-(-0.008197)*X(11)*X(20)-(-0.031747)*X(12)*X(19)-(0.018329)*X(12)*X(21)-(0.050795)*X(13)*X(22)-(-0.05679)*X(14)*X(23)-(0.019048)*X(17)*X(25)-(-0.020078)*X(17)*X(30)-(-0.060235)*X(17)*X(32)-(-0.014198)*X(18)*X(11)-(-0.014198)*X(18)*X(26)-(-0.044897)*X(19)*X(1)-(-0.031747)*X(19)*X(12)-(-0.014198)*X(19)*X(27)-(-0.024591)*X(20)*X(11)-(-0.024591)*X(20)*X(26)-(0.025921)*X(21)*X(1)-(-0.054987)*X(21)*X(12)-(-0.024591)*X(21)*X(27)-(-0.050795)*X(22)*X(13)-(-0.05679)*X(23)*X(14)-(-0.019048)*X(25)*X(17)-(-0.014198)*X(26)*X(18)-(0.008197)*X(26)*X(20)-(-0.014198)*X(27)*X(19)-(0.008197)*X(27)*X(21)-(-0.060235)*X(30)*X(17)-(-0.020078)*X(32)*X(17);
-Pr*(2)*X(7)+Pr*Ro*(-0.70711)*X(6)-(0.063494)*X(1)*X(18)-(-0.036658)*X(1)*X(20)-(0.044897)*X(3)*X(9)-(-0.063494)*X(4)*X(8)-(-0.089794)*X(6)*X(10)-(-0.044897)*X(9)*X(3)-(-0.020078)*X(11)*X(19)-(0.011592)*X(11)*X(21)-(0.044897)*X(12)*X(18)-(-0.025921)*X(12)*X(20)-(-0.035917)*X(13)*X(23)-(0.040157)*X(14)*X(22)-(0.060235)*X(17)*X(24)-(0.028395)*X(17)*X(29)-(0.085186)*X(17)*X(31)-(0.040157)*X(18)*X(27)-(0.040157)*X(19)*X(11)-(0.040157)*X(19)*X(26)-(0.069554)*X(20)*X(27)-(0.069554)*X(21)*X(11)-(0.069554)*X(21)*X(26)-(0.035917)*X(23)*X(13)-(-0.028395)*X(25)*X(2)-(0.060235)*X(25)*X(16)-(0.085186)*X(25)*X(28)-(0.020078)*X(26)*X(19)-(-0.011592)*X(26)*X(21)-(0.020078)*X(27)*X(18)-(-0.011592)*X(27)*X(20)-(0.089794)*X(30)*X(2)-(0.063494)*X(30)*X(16)-(0.063494)*X(32)*X(16);
-Pr*(2)*X(8)-(-0.060235)*X(1)*X(23)-(0.060235)*X(2)*X(26)-(-0.031747)*X(3)*X(6)-(0.063494)*X(4)*X(7)-(0.031747)*X(6)*X(3)-(-0.063494)*X(7)*X(4)-(-0.063494)*X(9)*X(5)-(0.063494)*X(9)*X(10)-(0.05679)*X(11)*X(16)-(-0.05679)*X(12)*X(17)-(-0.016394)*X(13)*X(20)-(-0.036658)*X(14)*X(21)-(-0.020078)*X(15)*X(23)-(0.05679)*X(16)*X(11)-(-0.05679)*X(17)*X(12)-(0.028395)*X(18)*X(13)-(0.063494)*X(18)*X(24)-(-0.063494)*X(19)*X(14)-(-0.028395)*X(19)*X(25)-(-0.051842)*X(20)*X(29)-(-0.051842)*X(21)*X(30)-(0.019048)*X(22)*X(26)-(-0.020078)*X(23)*X(1)-(-0.060235)*X(23)*X(15)-(0.019048)*X(23)*X(27)-(-0.036658)*X(24)*X(20)-(-0.016394)*X(25)*X(21)-(0.020078)*X(26)*X(2)-(-0.019048)*X(26)*X(22)-(0.060235)*X(26)*X(28)-(-0.019048)*X(27)*X(23)-(0.020078)*X(28)*X(26)-(0.089794)*X(29)*X(18)-(-0.089794)*X(30)*X(19);
-Pr*(2)*X(9)-(0.063494)*X(1)*X(2)-(0.060235)*X(1)*X(22)-(-0.063494)*X(2)*X(1)-(-0.060235)*X(2)*X(27)-(-0.044897)*X(3)*X(7)-(0.044897)*X(4)*X(6)-(0.044897)*X(6)*X(4)-(-0.044897)*X(7)*X(3)-(0.063494)*X(8)*X(5)-(-0.063494)*X(8)*X(10)-(-0.050795)*X(11)*X(17)-(0.063494)*X(12)*X(16)-(-0.016394)*X(13)*X(21)-(-0.036658)*X(14)*X(20)-(-0.020078)*X(15)*X(22)-(-0.063494)*X(16)*X(12)-(0.050795)*X(17)*X(11)-(-0.063494)*X(18)*X(14)-(-0.028395)*X(18)*X(25)-(0.028395)*X(19)*X(13)-(0.063494)*X(19)*X(24)-(0.051842)*X(20)*X(30)-(0.051842)*X(21)*X(29)-(0.020078)*X(22)*X(1)-(-0.060235)*X(22)*X(15)-(0.019048)*X(22)*X(27)-(0.019048)*X(23)*X(26)-(-0.036658)*X(24)*X(21)-(-0.016394)*X(25)*X(20)-(-0.019048)*X(26)*X(23)-(-0.020078)*X(27)*X(2)-(-0.019048)*X(27)*X(22)-(0.060235)*X(27)*X(28)-(0.020078)*X(28)*X(27)-(-0.089794)*X(29)*X(19)-(0.089794)*X(30)*X(18);
-Pr*(4)*X(10)-(0.16063)*X(1)*X(26)-(0.089794)*X(6)*X(7)-(0.063494)*X(8)*X(9)-(-0.063494)*X(9)*X(8)-(0.11358)*X(17)*X(16)-(-0.063494)*X(18)*X(19)-(0.036658)*X(18)*X(21)-(0.063494)*X(19)*X(18)-(-0.036658)*X(19)*X(20)-(-0.036658)*X(20)*X(19)-(0.021165)*X(20)*X(21)-(0.036658)*X(21)*X(18)-(-0.021165)*X(21)*X(20)-(-0.050795)*X(22)*X(23)-(0.050795)*X(23)*X(22)-(0.080314)*X(25)*X(29)-(0.17959)*X(30)*X(24);
-Pr*(5)*X(11)+Pr*Ra*(0.44721)*X(35)+Pr*Ro*(0.89443)*X(12)-(0.076192)*X(3)*X(13)-(0.040157)*X(3)*X(29)-(-0.12047)*X(3)*X(31)-(-0.05679)*X(6)*X(18)-(0.065576)*X(6)*X(20)-(-0.040157)*X(7)*X(19)-(0.046369)*X(7)*X(21)-(-0.05679)*X(8)*X(16)-(0.012699)*X(9)*X(17)-(-0.019048)*X(13)*X(3)-(-0.05679)*X(16)*X(8)-(-0.050795)*X(17)*X(9)-(0.014198)*X(18)*X(6)-(-0.040157)*X(19)*X(7)-(0.024591)*X(20)*X(6)-(-0.069554)*X(21)*X(7)-(-0.060235)*X(29)*X(3)-(-0.020078)*X(31)*X(3);
-Pr*(5)*X(12)+Pr*Ro*(-0.89443)*X(11)-(0.09524)*X(3)*X(14)-(0.044897)*X(3)*X(30)-(-0.13469)*X(3)*X(32)-(-0.063494)*X(6)*X(19)-(-0.036658)*X(6)*X(21)-(-0.044897)*X(7)*X(18)-(-0.025921)*X(7)*X(20)-(-0.05679)*X(8)*X(17)-(0.11358)*X(11)*X(5)-(0.060235)*X(13)*X(4)-(0.063494)*X(16)*X(9)-(0.05679)*X(17)*X(8)-(0.031747)*X(19)*X(6)-(0.054987)*X(21)*X(6)-(0.063494)*X(29)*X(4)-(0.063494)*X(31)*X(4);
-Pr*(5)*X(13)+Pr*Ra*(0.89443)*X(36)+Pr*Ro*(0.44721)*X(14)-(-0.076192)*X(3)*X(11)-(-0.012699)*X(6)*X(22)-(-0.035917)*X(7)*X(23)-(-0.028395)*X(8)*X(18)-(0.08197)*X(8)*X(20)-(-0.028395)*X(9)*X(19)-(0.08197)*X(9)*X(21)-(0.019048)*X(11)*X(3)-(-0.028395)*X(18)*X(8)-(-0.028395)*X(19)*X(9)-(0.050795)*X(22)*X(6)-(-0.035917)*X(23)*X(7);
-Pr*(5)*X(14)+Pr*Ro*(-0.44721)*X(13)-(-0.044897)*X(3)*X(1)-(-0.09524)*X(3)*X(12)-(0.13469)*X(3)*X(15)-(-0.05679)*X(6)*X(23)-(-0.16063)*X(7)*X(22)-(-0.063494)*X(8)*X(19)-(-0.036658)*X(8)*X(21)-(-0.063494)*X(9)*X(18)-(-0.036658)*X(9)*X(20)-(0.060235)*X(11)*X(4)-(0.063494)*X(18)*X(9)-(0.063494)*X(19)*X(8)-(0.05679)*X(23)*X(6)-(0.17959)*X(29)*X(5);
